新时达唐国明 2026年3月18日提供
RS485波特率9600，1 位起始位，8 位数据，无校验位。
转换板设置的地址为1
查询电梯状态：02 30 31 4D 33 30 30 30 30 30 30 30 30 30 30 43 33 03
登记前门1楼：02 30 31 4D 35 31 30 30 30 41 36 03
登记前门2楼：02 30 31 4D 35 32 30 30 30 41 37 03
登记前门3楼：02 30 31 4D 35 33 30 30 30 41 38 03
登记前门4楼：02 30 31 4D 35 34 30 30 30 41 39 03
登记前门5楼：02 30 31 4D 35 35 30 30 30 41 41 03
登记前门6楼：02 30 31 4D 35 36 30 30 30 41 42 03

登记后门1楼：02 30 31 4D 35 30 31 30 30 41 36 03
登记后门2楼：02 30 31 4D 35 30 32 30 30 41 37 03
登记后门3楼：02 30 31 4D 35 30 33 30 30 41 38 03
登记后门4楼：02 30 31 4D 35 30 34 30 30 41 39 03
登记后门5楼：02 30 31 4D 35 30 35 30 30 41 41 03
登记后门6楼：02 30 31 4D 35 30 36 30 30 41 42 03

登记前后门1楼：02 30 31 4D 35 31 31 30 30 41 37 03
登记前后门2楼：02 30 31 4D 35 32 32 30 30 41 39 03
登记前后门3楼：02 30 31 4D 35 33 33 30 30 41 42 03
登记前后门4楼：02 30 31 4D 35 34 34 30 30 41 44 03
登记前后门5楼：02 30 31 4D 35 35 35 30 30 41 46 03
登记前后门6楼：02 30 31 4D 35 36 36 30 30 42 31 03

开门命令（前门）：02 30 31 4D 36 31 30 34 37 03
开门命令（后门）：02 30 31 4D 36 30 31 34 37 03
开门命令（前后门都开）：02 30 31 4D 36 31 31 34 38 03

关门命令（前门）：02 30 31 4D 37 31 30 34 38 03
关门命令（后门）：02 30 31 4D 37 30 31 34 38 03
关门命令（前后门都关）：02 30 31 4D 37 31 31 34 39 03

模式切换（由AGV切换到人工）：02 30 31 4D 38 30 31 38 03
模式切换（由人工切换到AGV）：02 30 31 4D 38 31 31 39 03